BA000AA 6 18 0 87 0, 188 480, 138 1320, 
CA000AA 22 25 7 119 7, 
DA000AA 11 19 10.5 129 10.5, 167 670.5, 91 1450.5, 
EA000AA 1 9 12.9 95 12.9, 
FA000AA 24 25 22.6 130 22.6, 
GA000AA 9 20 28.8 104 28.8, 92 688.8, 114 1588.8, 80 2368.8, 102 2728.8, 
HA000AA 9 12 34.3 187 34.3, 
IA000AA 15 23 35.6 115 35.6, 165 635.6, 129 995.6, 171 1415.6, 
JA000AA 20 24 42.8 187 42.8, 
KA000AA 24 25 43.7 157 43.7, 
LA000AA 2 5 51.2 101 51.2, 
MA000AA 15 17 59.1 109 59.1, 178 359.1, 
NA000AA 21 25 68.1 139 68.1, 
OA000AA 9 14 77.1 121 77.1, 161 917.1, 
PA000AA 1 23 78.1 172 78.1, 134 738.1, 187 1038.1, 123 1878.1, 89 2478.1, 
QA000AA 23 25 87.1 106 87.1, 
RA000AA 12 22 91.5 150 91.5, 114 511.5, 99 991.5, 149 1711.5, 
SA000AA 1 3 98 166 98, 
TA000AA 21 22 107.6 155 107.6, 
UA000AA 1 5 109 92 109, 
VA000AA 8 24 109.5 113 109.5, 89 1009.5, 112 1429.5, 92 2269.5, 183 2749.5, 
WA000AA 1 9 119.4 132 119.4, 
XA000AA 14 16 126.5 126 126.5, 
YA000AA 9 20 135.6 141 135.6, 110 735.6, 150 1515.6, 141 2355.6, 
ZA000AA 11 19 141.4 104 141.4, 170 801.4, 109 1161.4, 160 1761.4, 
AB000AA 0 8 143.2 143 143.2, 
BB000AA 18 19 149.6 91 149.6, 
CB000AA 12 24 151.3 178 151.3, 102 571.3, 138 991.3, 111 1471.3, 184 2191.3, 
DB000AA 9 20 159.2 185 159.2, 145 519.2, 183 999.2, 86 1659.2, 181 2439.2, 
EB000AA 7 15 164.7 115 164.7, 96 824.7, 164 1184.7, 
FB000AA 23 25 171.2 84 171.2, 
GB000AA 3 13 172 178 172, 188 592, 
HB000AA 21 22 181.1 178 181.1, 
IB000AA 7 9 186.8 170 186.8, 
JB000AA 13 19 191 113 191, 168 491, 157 1031, 
KB000AA 20 22 199.3 189 199.3, 
LB000AA 8 24 202.7 175 202.7, 176 862.7, 166 1462.7, 121 2002.7, 175 2422.7, 
MB000AA 23 24 210.1 145 210.1, 
NB000AA 20 21 212.3 97 212.3, 
OB000AA 14 22 218.7 159 218.7, 186 938.7, 
PB000AA 14 17 228.2 135 228.2, 107 588.2, 
QB000AA 8 13 236.2 152 236.2, 
RB000AA 16 22 238 89 238, 136 958, 118 1558, 
SB000AA 1 19 243.7 186 243.7, 160 543.7, 158 1383.7, 161 1923.7, 100 2283.7, 
TB000AA 1 18 247.5 123 247.5, 91 907.5, 172 1567.5, 95 2047.5, 152 2347.5, 142 2707.5, 
UB000AA 11 16 254.3 88 254.3, 145 674.3, 122 1094.3, 
VB000AA 15 19 259.6 82 259.6, 83 1039.6, 183 1819.6, 
WB000AA 3 18 265.5 87 265.5, 168 865.5, 86 1345.5, 100 1885.5, 141 2485.5, 
XB000AA 11 14 271.5 120 271.5, 156 871.5, 
YB000AA 7 22 276.3 143 276.3, 139 696.3, 138 1056.3, 131 1536.3, 136 2196.3, 
ZB000AA 11 19 282.4 94 282.4, 133 582.4, 171 1362.4, 166 1662.4, 
AC000AA 14 17 284 84 284, 83 704, 
BC000AA 17 21 292.9 83 292.9, 88 772.9, 
CC000AA 16 20 298.1 119 298.1, 101 778.1, 141 1558.1, 
DC000AA 6 20 302.1 165 302.1, 82 782.1, 89 1262.1, 86 2102.1, 159 2402.1, 151 2762.1, 132 3062.1, 
EC000AA 5 6 308.1 88 308.1, 
FC000AA 3 15 309.5 122 309.5, 106 609.5, 143 1329.5, 
GC000AA 18 22 319.3 129 319.3, 181 799.3, 
HC000AA 23 25 326.4 98 326.4, 155 626.4, 
IC000AA 10 17 327 111 327, 190 867, 
JC000AA 2 20 333.6 174 333.6, 178 1233.6, 88 1713.6, 145 2073.6, 145 2493.6, 
KC000AA 21 24 342.2 91 342.2, 
LC000AA 14 19 343.2 82 343.2, 143 703.2, 160 1483.2, 
MC000AA 16 19 344.9 182 344.9, 
NC000AA 22 23 349.3 131 349.3, 
OC000AA 1 20 356.5 88 356.5, 168 776.5, 165 1616.5, 126 2276.5, 
PC000AA 22 24 361.8 102 361.8, 
QC000AA 9 19 370.5 125 370.5, 117 1210.5, 123 2050.5, 118 2590.5, 
RC000AA 6 11 379.6 173 379.6, 136 679.6, 
SC000AA 19 21 389.4 110 389.4, 
TC000AA 21 23 395.8 147 395.8, 
UC000AA 9 14 396.4 190 396.4, 181 1056.4, 
VC000AA 11 19 405.4 170 405.4, 83 765.4, 184 1545.4, 
WC000AA 17 24 407.1 176 407.1, 104 947.1, 146 1307.1, 
XC000AA 16 20 416.1 141 416.1, 189 1136.1, 
YC000AA 22 23 424.1 142 424.1, 
ZC000AA 3 11 428.6 187 428.6, 156 788.6, 
AD000AA 18 20 430.2 190 430.2, 
BD000AA 15 20 437.8 109 437.8, 113 1037.8, 183 1637.8, 
CD000AA 14 20 447.2 121 447.2, 156 987.2, 
DD000AA 5 24 453.3 106 453.3, 148 1173.3, 113 2013.3, 181 2913.3, 
ED000AA 22 24 459.1 139 459.1, 
FD000AA 20 21 465.3 138 465.3, 
GD000AA 5 19 473.9 102 473.9, 153 1193.9, 155 1613.9, 148 2513.9, 
HD000AA 1 18 478.6 146 478.6, 97 1138.6, 110 1558.6, 176 2038.6, 190 2578.6, 
ID000AA 13 18 485 127 485, 98 845, 157 1505, 
JD000AA 4 12 489.8 154 489.8, 91 909.8, 
KD000AA 17 19 495.1 189 495.1, 
LD000AA 3 13 498.5 140 498.5, 161 1218.5, 
MD000AA 14 25 505.9 125 505.9, 154 1105.9, 98 1705.9, 125 2305.9, 
ND000AA 5 11 507.7 173 507.7, 
OD000AA 23 24 512 184 512, 
PD000AA 22 24 517.4 139 517.4, 
QD000AA 5 23 519.6 146 519.6, 130 819.6, 123 1119.6, 129 1659.6, 110 2019.6, 169 2559.6, 
RD000AA 8 25 523.4 153 523.4, 142 1243.4, 150 2023.4, 114 2503.4, 165 2983.4, 
SD000AA 17 22 528.5 119 528.5, 120 1068.5, 
TD000AA 2 13 529.7 82 529.7, 125 1309.7, 152 1729.7, 
UD000AA 14 25 531.8 86 531.8, 154 1131.8, 157 1791.8, 
VD000AA 15 21 532.7 99 532.7, 161 1132.7, 139 1732.7, 
WD000AA 6 15 537.4 104 537.4, 114 1377.4, 90 1797.4, 
XD000AA 24 25 542.8 92 542.8, 
YD000AA 24 25 546.3 157 546.3, 
ZD000AA 3 9 555.3 83 555.3, 
AE000AA 20 25 561 101 561, 99 981, 
BE000AA 0 25 564.9 122 564.9, 144 1044.9, 179 1644.9, 139 2304.9, 184 3204.9, 
CE000AA 5 19 569.6 140 569.6, 150 1409.6, 165 2189.6, 88 2549.6, 118 2849.6, 
DE000AA 2 18 578.8 190 578.8, 184 1058.8, 117 1658.8, 169 1958.8, 
EE000AA 13 20 582.3 95 582.3, 159 1122.3, 114 1902.3, 
FE000AA 16 22 585 110 585, 160 1425, 136 1845, 
GE000AA 0 3 586.1 150 586.1, 
HE000AA 6 14 594.3 94 594.3, 136 1254.3, 89 1674.3, 
IE000AA 24 25 597.3 130 597.3, 
JE000AA 13 25 605 131 605, 138 1205, 151 1925, 141 2525, 
KE000AA 5 17 610.8 148 610.8, 166 1270.8, 165 2170.8, 
LE000AA 3 8 614.1 85 614.1, 141 974.1, 
ME000AA 24 25 621.3 150 621.3, 
NE000AA 3 16 631 103 631, 113 931, 171 1651, 131 2131, 
OE000AA 1 9 631.9 80 631.9, 81 931.9, 
PE000AA 8 18 636 143 636, 133 1236, 133 1956, 119 2376, 
QE000AA 22 25 636.9 90 636.9, 
RE000AA 13 21 645.2 112 645.2, 130 1125.2, 179 1725.2, 
SE000AA 12 15 654.7 128 654.7, 
TE000AA 22 25 658.8 158 658.8, 
UE000AA 24 25 662.9 136 662.9, 
VE000AA 23 24 668.9 190 668.9, 
WE000AA 4 19 670.6 150 670.6, 163 1390.6, 179 1930.6, 124 2590.6, 
XE000AA 8 12 679.1 121 679.1, 
YE000AA 15 18 680.7 154 680.7, 138 1040.7, 
ZE000AA 24 25 689.8 107 689.8, 
AF000AA 3 15 697.2 176 697.2, 173 1417.2, 156 1717.2, 
BF000AA 11 21 703.8 141 703.8, 111 1543.8, 177 2263.8, 
CF000AA 0 25 708.2 143 708.2, 114 1068.2, 142 1608.2, 114 1908.2, 179 2568.2, 174 3288.2, 
DF000AA 4 23 718 124 718, 170 1618, 116 2278, 133 3058, 142 3478, 
EF000AA 14 21 722.1 142 722.1, 155 1502.1, 
FF000AA 21 24 725.8 90 725.8, 
GF000AA 23 24 729.3 91 729.3, 
HF000AA 6 11 733 160 733, 
IF000AA 7 15 734.8 142 734.8, 134 1394.8, 184 1814.8, 
JF000AA 8 23 744.6 168 744.6, 173 1224.6, 129 1764.6, 113 2664.6, 164 3204.6, 
KF000AA 8 12 753.4 94 753.4, 136 1233.4, 
LF000AA 18 24 759.1 138 759.1, 
MF000AA 16 19 760.7 134 760.7, 121 1240.7, 
NF000AA 2 12 762.2 90 762.2, 176 1662.2, 
OF000AA 10 11 771.3 81 771.3, 
PF000AA 9 10 773 173 773, 
QF000AA 2 3 778.3 106 778.3, 
RF000AA 24 25 784.9 132 784.9, 
SF000AA 12 21 792.5 136 792.5, 143 1632.5, 96 2052.5, 110 2832.5, 
TF000AA 10 21 801.7 143 801.7, 116 1461.7, 163 1761.7, 106 2061.7, 132 2721.7, 
UF000AA 20 23 809.2 99 809.2, 
VF000AA 22 23 812.9 94 812.9, 
WF000AA 9 20 820 120 820, 129 1120, 182 1840, 178 2560, 
XF000AA 21 25 825.9 89 825.9, 95 1365.9, 
YF000AA 13 15 829.6 172 829.6, 
ZF000AA 17 18 835 157 835, 
AG000AA 10 16 843.8 120 843.8, 121 1443.8, 
BG000AA 17 19 849.7 119 849.7, 
CG000AA 12 15 856.5 90 856.5, 170 1156.5, 
DG000AA 5 25 865.7 94 865.7, 182 1345.7, 169 2005.7, 94 2665.7, 180 3505.7, 166 3805.7, 
EG000AA 0 21 867.8 158 867.8, 97 1227.8, 109 1887.8, 123 2727.8, 148 3627.8, 
FG000AA 19 20 874.5 126 874.5, 
GG000AA 23 24 876.3 114 876.3, 
HG000AA 20 25 882.5 187 882.5, 
IG000AA 22 24 890.3 116 890.3, 
JG000AA 6 7 894.4 179 894.4, 
KG000AA 19 22 896.6 85 896.6, 106 1316.6, 
LG000AA 6 24 904.1 169 904.1, 134 1624.1, 190 2524.1, 
MG000AA 3 9 905.1 169 905.1, 
NG000AA 11 19 909.8 147 909.8, 152 1749.8, 156 2349.8, 
OG000AA 3 13 913 145 913, 90 1813, 
PG000AA 15 16 914.6 132 914.6, 
QG000AA 20 25 923.7 145 923.7, 
RG000AA 22 25 925.2 153 925.2, 
SG000AA 6 14 933.7 105 933.7, 96 1833.7, 172 2553.7, 
TG000AA 4 7 937.7 111 937.7, 
UG000AA 24 25 945.2 173 945.2, 
VG000AA 6 25 948.2 172 948.2, 173 1848.2, 136 2508.2, 110 2988.2, 136 3468.2, 
WG000AA 7 14 957.7 115 957.7, 159 1797.7, 112 2097.7, 
XG000AA 1 14 959.5 165 959.5, 155 1379.5, 125 1859.5, 
YG000AA 7 21 968.5 102 968.5, 158 1328.5, 132 1688.5, 129 1988.5, 109 2528.5, 112 3008.5, 154 3788.5, 
ZG000AA 2 5 976.9 140 976.9, 
AH000AA 24 25 979.3 123 979.3, 
BH000AA 10 17 984.9 113 984.9, 168 1704.9, 
CH000AA 10 18 993.8 157 993.8, 88 1413.8, 132 1953.8, 182 2673.8, 
DH000AA 10 16 994.5 130 994.5, 187 1894.5, 
EH000AA 16 24 1004.3 189 1004.3, 103 1784.3, 141 2204.3, 
FH000AA 14 23 1009.4 150 1009.4, 104 1429.4, 118 2329.4, 
GH000AA 13 15 1018.8 92 1018.8, 
HH000AA 3 6 1024.6 82 1024.6, 
IH000AA 3 25 1033.9 100 1033.9, 96 1693.9, 106 2173.9, 87 2953.9, 98 3733.9, 116 4453.9, 118 4753.9, 
JH000AA 5 13 1041.7 157 1041.7, 140 1581.7, 
KH000AA 15 21 1046.8 185 1046.8, 135 1586.8, 
LH000AA 18 24 1050.9 118 1050.9, 149 1350.9, 
MH000AA 2 3 1054.8 92 1054.8, 
NH000AA 10 23 1059.6 114 1059.6, 165 1599.6, 89 2199.6, 164 2799.6, 161 3279.6, 
OH000AA 4 21 1062.2 115 1062.2, 108 1422.2, 144 2322.2, 81 2922.2, 95 3522.2, 173 4002.2, 
PH000AA 16 21 1063.8 83 1063.8, 166 1663.8, 132 2023.8, 135 2323.8, 
QH000AA 7 24 1066.5 176 1066.5, 148 1906.5, 96 2686.5, 166 3586.5, 
RH000AA 13 19 1073.7 168 1073.7, 81 1913.7, 
SH000AA 16 22 1080 80 1080, 87 1740, 168 2640, 
TH000AA 8 21 1087.4 109 1087.4, 98 1447.4, 107 1867.4, 97 2527.4, 83 3427.4, 163 3907.4, 94 4267.4, 
UH000AA 12 21 1095.5 80 1095.5, 174 1455.5, 179 2295.5, 
VH000AA 7 20 1101.3 168 1101.3, 155 2001.3, 103 2901.3, 
WH000AA 7 12 1107.8 125 1107.8, 117 1407.8, 
XH000AA 22 24 1110.9 88 1110.9, 
YH000AA 15 25 1115.7 141 1115.7, 126 1955.7, 184 2615.7, 
ZH000AA 12 23 1116.6 161 1116.6, 139 1896.6, 136 2556.6, 143 2856.6, 
AI000AA 12 23 1120.4 173 1120.4, 109 1600.4, 153 2320.4, 183 2680.4, 
BI000AA 3 16 1128.5 181 1128.5, 159 1788.5, 
CI000AA 17 24 1129.6 103 1129.6, 99 1489.6, 113 1909.6, 
DI000AA 5 8 1130.5 99 1130.5, 
EI000AA 14 24 1134.5 177 1134.5, 189 2034.5, 
FI000AA 18 20 1142.7 179 1142.7, 
GI000AA 9 19 1152.2 119 1152.2, 110 1452.2, 188 2352.2, 104 2892.2, 
HI000AA 22 24 1162.1 151 1162.1, 
II000AA 24 25 1171.1 87 1171.1, 
JI000AA 0 23 1175.3 156 1175.3, 83 2015.3, 175 2375.3, 103 2915.3, 116 3695.3, 155 3995.3, 
KI000AA 22 25 1182.4 92 1182.4, 
LI000AA 23 24 1185.6 95 1185.6, 
MI000AA 11 21 1190.1 119 1190.1, 172 1610.1, 122 2270.1, 151 2990.1, 
NI000AA 18 19 1191.9 110 1191.9, 
OI000AA 11 17 1195.8 117 1195.8, 172 1795.8, 156 2395.8, 
PI000AA 17 20 1199.3 134 1199.3, 102 1679.3, 
QI000AA 21 25 1205.4 119 1205.4, 
RI000AA 10 12 1210.3 126 1210.3, 
SI000AA 18 24 1219.1 100 1219.1, 88 1699.1, 
TI000AA 16 21 1227.3 86 1227.3, 98 1527.3, 125 2007.3, 168 2487.3, 
UI000AA 20 24 1231.4 139 1231.4, 
VI000AA 20 21 1239.5 165 1239.5, 
WI000AA 6 21 1245.2 87 1245.2, 174 2025.2, 154 2505.2, 127 2925.2, 143 3705.2, 
XI000AA 0 21 1251.1 155 1251.1, 88 1791.1, 124 2271.1, 121 2991.1, 117 3411.1, 92 4071.1, 155 4431.1, 
YI000AA 16 17 1253.5 134 1253.5, 
ZI000AA 12 23 1260.9 171 1260.9, 109 1800.9, 153 2280.9, 
AJ000AA 18 25 1269.1 125 1269.1, 145 1569.1, 
BJ000AA 20 22 1276.4 128 1276.4, 
CJ000AA 12 25 1286 89 1286, 126 1586, 123 2006, 146 2906, 111 3206, 158 3566, 
DJ000AA 19 25 1290.4 151 1290.4, 
EJ000AA 6 12 1295.5 90 1295.5, 135 1595.5, 
FJ000AA 1 5 1303.7 111 1303.7, 
GJ000AA 22 25 1308.6 105 1308.6, 
HJ000AA 6 9 1313.1 181 1313.1, 
IJ000AA 22 25 1320.7 103 1320.7, 
JJ000AA 11 21 1329.5 133 1329.5, 141 2109.5, 147 2649.5, 151 3069.5, 
KJ000AA 11 15 1336.8 137 1336.8, 111 2056.8, 
LJ000AA 3 9 1346.4 158 1346.4, 
MJ000AA 19 20 1349.9 136 1349.9, 
NJ000AA 4 5 1358.6 90 1358.6, 
OJ000AA 12 13 1364.4 137 1364.4, 
PJ000AA 13 25 1373.7 99 1373.7, 112 2273.7, 120 2813.7, 174 3413.7, 
QJ000AA 18 21 1379.9 171 1379.9, 
RJ000AA 8 20 1381.9 134 1381.9, 151 1861.9, 157 2341.9, 146 3181.9, 
SJ000AA 13 19 1384.1 142 1384.1, 178 2224.1, 
TJ000AA 14 22 1390.1 108 1390.1, 125 2230.1, 
UJ000AA 19 22 1400 177 1400, 
VJ000AA 14 18 1406.6 172 1406.6, 
WJ000AA 10 18 1410.9 134 1410.9, 147 1770.9, 109 2610.9, 
XJ000AA 9 23 1415.8 166 1415.8, 140 1955.8, 162 2315.8, 178 2735.8, 86 3395.8, 
YJ000AA 11 24 1424.8 112 1424.8, 128 2324.8, 109 2744.8, 174 3464.8, 
ZJ000AA 6 19 1433.6 177 1433.6, 117 2213.6, 176 2813.6, 118 3353.6, 
AK000AA 0 11 1437.3 121 1437.3, 172 2277.3, 
BK000AA 10 13 1446.1 162 1446.1, 
CK000AA 16 19 1455 105 1455, 172 1755, 
DK000AA 11 15 1462.6 153 1462.6, 149 1822.6, 179 2182.6, 
EK000AA 1 8 1472.3 87 1472.3, 
FK000AA 12 24 1473.2 112 1473.2, 93 1833.2, 179 2673.2, 162 3333.2, 183 3693.2, 
GK000AA 18 19 1474.3 153 1474.3, 
HK000AA 10 21 1480.3 96 1480.3, 120 2080.3, 101 2980.3, 181 3880.3, 
IK000AA 6 12 1486.9 131 1486.9, 
JK000AA 17 23 1492 133 1492, 113 2392, 
KK000AA 6 22 1494 176 1494, 103 1854, 101 2754, 133 3594, 128 3894, 
LK000AA 9 14 1498.1 124 1498.1, 138 2398.1, 
MK000AA 23 24 1499.7 112 1499.7, 
NK000AA 12 24 1507.9 93 1507.9, 89 2047.9, 137 2527.9, 89 3307.9, 92 3667.9, 102 4207.9, 
OK000AA 1 7 1515.1 127 1515.1, 
PK000AA 8 12 1519.9 130 1519.9, 
QK000AA 24 25 1526.8 117 1526.8, 
RK000AA 8 21 1531.3 174 1531.3, 85 2251.3, 158 3151.3, 127 3511.3, 
SK000AA 14 21 1539.1 188 1539.1, 165 2259.1, 
TK000AA 13 14 1548.3 91 1548.3, 
UK000AA 1 16 1555.2 137 1555.2, 94 2395.2, 177 2695.2, 
VK000AA 8 15 1563.1 140 1563.1, 95 2103.1, 167 2583.1, 
WK000AA 24 25 1568.9 123 1568.9, 
XK000AA 0 20 1578.8 141 1578.8, 174 2178.8, 180 2598.8, 151 3078.8, 179 3738.8, 
YK000AA 0 14 1581.5 158 1581.5, 190 2481.5, 
ZK000AA 9 21 1584.6 81 1584.6, 169 2424.6, 119 3024.6, 134 3744.6, 
AL000AA 7 13 1587 135 1587, 145 2007, 103 2367, 
BL000AA 1 16 1591 178 1591, 184 2251, 122 2611, 
CL000AA 10 23 1597.1 131 1597.1, 131 2497.1, 100 2977.1, 183 3577.1, 
DL000AA 22 24 1605.8 130 1605.8, 
EL000AA 17 20 1612.2 105 1612.2, 145 1912.2, 
FL000AA 14 25 1621.4 84 1621.4, 116 1981.4, 144 2761.4, 131 3241.4, 
GL000AA 23 24 1628.7 101 1628.7, 
HL000AA 1 5 1636 175 1636, 
IL000AA 2 17 1644 172 1644, 141 2304, 173 3144, 
JL000AA 5 15 1646.3 101 1646.3, 102 2486.3, 141 3206.3, 
KL000AA 7 14 1654.7 164 1654.7, 182 2254.7, 
LL000AA 7 12 1662.3 178 1662.3, 
ML000AA 19 25 1663.5 163 1663.5, 
NL000AA 13 21 1666.1 174 1666.1, 92 2326.1, 154 2986.1, 
OL000AA 14 22 1675.8 174 1675.8, 162 2155.8, 167 2755.8, 
PL000AA 24 25 1680.7 163 1680.7, 
QL000AA 13 18 1683.6 127 1683.6, 96 2583.6, 187 3003.6, 
RL000AA 20 22 1686.2 103 1686.2, 
SL000AA 12 20 1693.3 95 1693.3, 183 2053.3, 139 2473.3, 168 3193.3, 
TL000AA 22 24 1695.8 126 1695.8, 
UL000AA 12 16 1697.4 142 1697.4, 92 2417.4, 
VL000AA 15 23 1701.9 109 1701.9, 141 2061.9, 162 2661.9, 
WL000AA 11 13 1711.1 140 1711.1, 
XL000AA 7 8 1719.3 144 1719.3, 
YL000AA 0 19 1727.9 160 1727.9, 103 2267.9, 179 2987.9, 175 3587.9, 
ZL000AA 7 23 1729.3 185 1729.3, 164 2629.3, 81 3169.3, 169 3589.3, 
AM000AA 21 25 1737.9 122 1737.9, 
BM000AA 18 22 1740.6 160 1740.6, 
CM000AA 24 25 1747.4 102 1747.4, 
DM000AA 10 13 1753.1 115 1753.1, 122 2053.1, 
EM000AA 0 25 1755.9 177 1755.9, 145 2655.9, 189 3135.9, 141 3855.9, 189 4335.9, 
FM000AA 8 11 1763 93 1763, 100 2303, 
GM000AA 1 6 1770.9 138 1770.9, 
HM000AA 14 20 1776 105 1776, 99 2676, 151 3216, 
IM000AA 17 21 1783 116 1783, 165 2263, 
JM000AA 24 25 1786.1 124 1786.1, 
KM000AA 14 25 1789.6 125 1789.6, 189 2209.6, 106 3109.6, 
LM000AA 17 24 1792.8 84 1792.8, 112 2272.8, 96 2812.8, 
MM000AA 19 20 1798.6 108 1798.6, 
NM000AA 12 22 1808.1 168 1808.1, 165 2108.1, 158 2948.1, 
OM000AA 14 25 1817.2 129 1817.2, 100 2417.2, 187 3137.2, 175 3497.2, 
PM000AA 13 23 1822.5 126 1822.5, 115 2602.5, 155 3382.5, 
QM000AA 9 18 1828.2 141 1828.2, 186 2248.2, 186 2848.2, 
RM000AA 10 20 1831.6 132 1831.6, 153 2611.6, 136 2971.6, 149 3391.6, 189 3811.6, 
SM000AA 8 23 1834.8 82 1834.8, 106 2434.8, 158 2914.8, 181 3454.8, 142 4174.8, 
TM000AA 13 17 1843.4 141 1843.4, 154 2563.4, 
UM000AA 5 24 1844 173 1844, 157 2444, 109 3104, 98 4004, 176 4664, 
VM000AA 20 22 1852.8 119 1852.8, 
WM000AA 6 22 1855.8 179 1855.8, 94 2755.8, 103 3235.8, 184 4135.8, 
XM000AA 20 21 1857.4 112 1857.4, 
YM000AA 0 11 1866.9 165 1866.9, 140 2226.9, 
ZM000AA 17 22 1867.9 179 1867.9, 
AN000AA 10 18 1874.2 98 1874.2, 132 2294.2, 165 3074.2, 
BN000AA 4 15 1875.1 108 1875.1, 115 2295.1, 190 2955.1, 
CN000AA 7 18 1875.7 181 1875.7, 91 2775.7, 105 3495.7, 167 3915.7, 
DN000AA 3 14 1877.2 145 1877.2, 174 2777.2, 
EN000AA 10 19 1884 92 1884, 172 2184, 118 2904, 98 3264, 189 3744, 
FN000AA 18 22 1884.7 84 1884.7, 84 2244.7, 159 2604.7, 
GN000AA 0 15 1892.5 181 1892.5, 116 2792.5, 175 3092.5, 
HN000AA 15 16 1901 116 1901, 
IN000AA 24 25 1902.5 155 1902.5, 
JN000AA 18 19 1911.1 100 1911.1, 
KN000AA 13 23 1917.7 128 1917.7, 92 2457.7, 171 3237.7, 
LN000AA 8 25 1920.9 92 1920.9, 91 2820.9, 189 3720.9, 123 4020.9, 91 4620.9, 93 5100.9, 118 5580.9, 
MN000AA 24 25 1930.4 119 1930.4, 
NN000AA 4 13 1939.9 95 1939.9, 104 2299.9, 145 3079.9, 
ON000AA 6 17 1944.7 146 1944.7, 85 2424.7, 94 2904.7, 189 3444.7, 147 3804.7, 
PN000AA 19 22 1953.9 86 1953.9, 85 2433.9, 
QN000AA 12 14 1961 145 1961, 87 2261, 
RN000AA 24 25 1965 174 1965, 
SN000AA 13 24 1971.1 137 1971.1, 123 2511.1, 93 2931.1, 84 3831.1, 89 4371.1, 
TN000AA 23 25 1979.4 109 1979.4, 
UN000AA 2 23 1982.4 135 1982.4, 119 2342.4, 106 2822.4, 107 3122.4, 143 3902.4, 177 4802.4, 
VN000AA 21 23 1982.9 114 1982.9, 
WN000AA 20 24 1984.2 130 1984.2, 
XN000AA 7 14 1988.4 136 1988.4, 148 2768.4, 
YN000AA 2 6 1991.5 151 1991.5, 
ZN000AA 21 22 1998.1 157 1998.1, 
AO000AA 3 25 2007.8 125 2007.8, 110 2307.8, 157 3207.8, 154 3807.8, 122 4647.8, 
BO000AA 16 18 2012.5 119 2012.5, 149 2432.5, 
CO000AA 15 18 2021.2 125 2021.2, 133 2561.2, 
DO000AA 18 19 2029.1 133 2029.1, 
EO000AA 10 17 2036.4 126 2036.4, 99 2396.4, 150 2816.4, 
FO000AA 7 23 2043.4 138 2043.4, 142 2463.4, 158 2763.4, 97 3483.4, 183 4263.4, 
GO000AA 6 18 2048 121 2048, 166 2708, 175 3608, 
HO000AA 18 23 2049.7 139 2049.7, 139 2409.7, 
IO000AA 10 22 2058.8 174 2058.8, 158 2418.8, 167 3258.8, 148 3558.8, 
JO000AA 11 19 2065.6 109 2065.6, 158 2485.6, 85 2905.6, 100 3325.6, 114 3745.6, 83 4045.6, 
KO000AA 10 20 2069.6 128 2069.6, 177 2369.6, 86 3149.6, 115 3689.6, 
LO000AA 10 25 2073.4 98 2073.4, 176 2613.4, 124 3213.4, 184 3753.4, 147 4293.4, 
MO000AA 3 15 2078.9 156 2078.9, 156 2378.9, 120 2978.9, 
NO000AA 7 10 2088.5 111 2088.5, 179 2448.5, 
OO000AA 21 24 2094.9 150 2094.9, 
PO000AA 0 23 2104.8 134 2104.8, 154 2404.8, 119 3184.8, 108 3664.8, 157 4324.8, 146 4804.8, 
QO000AA 24 25 2111.5 100 2111.5, 
RO000AA 17 25 2118 182 2118, 122 2418, 122 2838, 
SO000AA 14 19 2125 154 2125, 147 2605, 
TO000AA 19 21 2128.9 169 2128.9, 
UO000AA 2 10 2132.3 105 2132.3, 
VO000AA 21 22 2139.9 124 2139.9, 
WO000AA 10 24 2148.8 163 2148.8, 130 2508.8, 173 3048.8, 130 3408.8, 148 3888.8, 166 4248.8, 
XO000AA 17 23 2150.2 175 2150.2, 114 2750.2, 
YO000AA 16 21 2153.7 166 2153.7, 122 2933.7, 
ZO000AA 7 15 2158.2 142 2158.2, 183 2938.2, 
AP000AA 8 22 2160.4 145 2160.4, 139 3060.4, 148 3900.4, 116 4320.4, 
BP000AA 24 25 2161.7 142 2161.7, 
CP000AA 17 19 2162.9 187 2162.9, 172 2522.9, 
DP000AA 22 23 2165.9 108 2165.9, 
EP000AA 18 19 2167.9 96 2167.9, 
FP000AA 5 11 2175 99 2175, 186 2775, 
GP000AA 7 24 2176.1 116 2176.1, 100 2776.1, 150 3436.1, 84 3856.1, 117 4756.1, 131 5596.1, 
HP000AA 7 11 2184.2 188 2184.2, 
IP000AA 17 21 2193.3 117 2193.3, 173 3093.3, 
JP000AA 16 18 2194 150 2194, 122 2494, 
KP000AA 4 20 2202.2 90 2202.2, 187 3102.2, 97 3942.2, 99 4602.2, 107 5142.2, 
LP000AA 20 25 2207.9 156 2207.9, 84 2567.9, 
MP000AA 9 21 2211.4 171 2211.4, 149 3051.4, 138 3651.4, 103 4011.4, 177 4431.4, 
NP000AA 5 6 2216.6 105 2216.6, 
OP000AA 15 24 2224 120 2224, 96 2644, 147 3484, 
PP000AA 1 4 2225.5 113 2225.5, 
QP000AA 15 20 2233.8 175 2233.8, 97 2533.8, 171 3313.8, 
RP000AA 14 23 2238.7 188 2238.7, 154 2538.7, 179 2838.7, 
SP000AA 0 1 2243.5 98 2243.5, 
TP000AA 3 13 2252.9 103 2252.9, 105 2852.9, 
UP000AA 12 25 2261.8 111 2261.8, 149 2561.8, 190 2981.8, 130 3341.8, 113 4121.8, 
VP000AA 17 19 2271.2 158 2271.2, 
WP000AA 2 15 2275.8 174 2275.8, 148 2995.8, 147 3295.8, 
XP000AA 5 21 2280.8 104 2280.8, 144 2640.8, 123 3120.8, 126 4020.8, 133 4860.8, 
YP000AA 2 22 2284.9 131 2284.9, 158 3124.9, 120 3724.9, 142 4624.9, 
ZP000AA 12 21 2294.8 134 2294.8, 91 3194.8, 181 4034.8, 
AQ000AA 23 24 2298.1 139 2298.1, 
BQ000AA 11 18 2298.6 179 2298.6, 89 2598.6, 149 2958.6, 87 3498.6, 
CQ000AA 15 18 2305.4 110 2305.4, 96 2725.4, 145 3265.4, 
DQ000AA 1 9 2311.7 80 2311.7, 118 2911.7, 
EQ000AA 2 25 2320.2 135 2320.2, 130 2680.2, 95 3520.2, 114 3880.2, 139 4720.2, 113 5260.2, 
FQ000AA 10 16 2326.8 168 2326.8, 
GQ000AA 2 20 2329.6 120 2329.6, 85 2869.6, 85 3769.6, 92 4189.6, 84 4849.6, 115 5509.6, 
HQ000AA 18 21 2331.5 95 2331.5, 127 2811.5, 
IQ000AA 17 23 2338.5 108 2338.5, 110 2998.5, 144 3418.5, 
JQ000AA 19 22 2341.6 145 2341.6, 
KQ000AA 14 23 2350.7 166 2350.7, 163 3070.7, 153 3370.7, 
LQ000AA 22 24 2353.5 106 2353.5, 
MQ000AA 19 23 2362.1 182 2362.1, 
NQ000AA 16 18 2363.2 182 2363.2, 
OQ000AA 3 19 2368.3 96 2368.3, 164 2848.3, 94 3568.3, 172 3928.3, 159 4468.3, 
PQ000AA 4 13 2369.3 122 2369.3, 184 3269.3, 
QQ000AA 21 22 2371.4 121 2371.4, 
RQ000AA 2 23 2377 102 2377, 156 3097, 118 3757, 163 4477, 120 5257, 
SQ000AA 13 16 2380.8 135 2380.8, 83 2740.8, 
TQ000AA 0 11 2384.5 172 2384.5, 
UQ000AA 13 20 2392 127 2392, 175 2692, 123 3232, 130 3832, 
VQ000AA 4 23 2400 107 2400, 114 2760, 149 3060, 144 3480, 97 3960, 149 4380, 173 4920, 
WQ000AA 15 23 2406.3 104 2406.3, 115 3006.3, 93 3786.3, 83 4086.3, 
XQ000AA 24 25 2408.9 153 2408.9, 
YQ000AA 3 20 2410.8 165 2410.8, 145 3130.8, 112 3910.8, 115 4750.8, 
ZQ000AA 15 17 2413.1 95 2413.1, 
AR000AA 22 23 2420.4 150 2420.4, 
BR000AA 15 24 2424 135 2424, 122 3324, 131 3804, 
CR000AA 2 25 2425.7 91 2425.7, 80 3085.7, 137 3505.7, 148 4405.7, 161 5305.7, 83 5605.7, 
DR000AA 20 22 2429.3 178 2429.3, 
ER000AA 8 20 2437.6 105 2437.6, 150 3337.6, 180 4117.6, 176 4717.6, 
FR000AA 16 25 2440.2 115 2440.2, 106 3340.2, 84 4060.2, 
GR000AA 4 15 2444 81 2444, 94 2924, 112 3764, 90 4424, 
HR000AA 20 24 2445.4 134 2445.4, 98 2745.4, 
IR000AA 4 16 2446.5 142 2446.5, 128 2926.5, 188 3646.5, 
JR000AA 20 23 2454.5 184 2454.5, 
KR000AA 9 16 2457 131 2457, 114 2937, 103 3357, 
LR000AA 13 23 2466.6 189 2466.6, 188 3186.6, 
MR000AA 13 24 2474.2 110 2474.2, 131 3254.2, 121 3734.2, 130 4034.2, 
NR000AA 13 15 2478.5 138 2478.5, 157 2778.5, 
OR000AA 9 22 2482.2 139 2482.2, 181 3322.2, 165 4102.2, 
PR000AA 5 25 2492 174 2492, 110 3272, 87 4172, 108 4772, 178 5492, 
QR000AA 15 24 2501.1 181 2501.1, 96 2861.1, 82 3161.1, 144 3941.1, 171 4301.1, 
RR000AA 22 25 2505 181 2505, 
SR000AA 19 22 2510 81 2510, 
TR000AA 3 15 2512.4 125 2512.4, 152 3352.4, 122 3892.4, 
UR000AA 11 13 2517.2 141 2517.2, 
VR000AA 4 20 2522 128 2522, 112 3002, 159 3422, 85 4202, 144 4982, 
WR000AA 22 25 2527 100 2527, 
XR000AA 7 8 2532.6 175 2532.6, 
YR000AA 17 22 2541 130 2541, 168 3021, 
ZR000AA 15 18 2543 190 2543, 
AS000AA 0 7 2550.7 84 2550.7, 
BS000AA 11 18 2560.2 186 2560.2, 89 3220.2, 182 4120.2, 
CS000AA 18 21 2565.2 162 2565.2, 
DS000AA 13 15 2572.4 99 2572.4, 
ES000AA 2 9 2573.4 155 2573.4, 
FS000AA 9 25 2574.8 80 2574.8, 165 3474.8, 166 4074.8, 179 4914.8, 
GS000AA 20 23 2582.6 102 2582.6, 
HS000AA 14 20 2584.7 180 2584.7, 109 3424.7, 
IS000AA 10 20 2594.5 107 2594.5, 120 2894.5, 126 3734.5, 103 4214.5, 110 4874.5, 
JS000AA 0 7 2602.9 131 2602.9, 136 2902.9, 
KS000AA 9 20 2612 139 2612, 159 3332, 85 3752, 117 4172, 118 5012, 
LS000AA 6 25 2618.9 81 2618.9, 86 3218.9, 101 3878.9, 123 4358.9, 109 4778.9, 174 5378.9, 129 5798.9, 
MS000AA 23 25 2625.1 151 2625.1, 
NS000AA 12 22 2629.9 108 2629.9, 90 2989.9, 118 3469.9, 145 4009.9, 114 4789.9, 
OS000AA 6 11 2633.2 108 2633.2, 111 3173.2, 
PS000AA 10 17 2642.3 114 2642.3, 138 3062.3, 100 3782.3, 
QS000AA 3 23 2648.9 99 2648.9, 81 3368.9, 183 4208.9, 170 4868.9, 158 5588.9, 
RS000AA 1 8 2653.6 109 2653.6, 
SS000AA 12 24 2663.1 80 2663.1, 159 3563.1, 134 3923.1, 163 4703.1, 
TS000AA 22 25 2665.5 114 2665.5, 80 2965.5, 
US000AA 15 22 2668.3 95 2668.3, 131 3148.3, 149 3688.3, 
VS000AA 5 15 2671.8 167 2671.8, 112 3451.8, 
WS000AA 0 10 2674.8 166 2674.8, 116 2974.8, 
XS000AA 20 25 2681.5 118 2681.5, 
YS000AA 8 23 2686.4 188 2686.4, 130 3286.4, 94 3706.4, 160 4606.4, 
ZS000AA 14 23 2694 133 2694, 95 2994, 110 3294, 131 3774, 137 4314, 
AT000AA 13 17 2700.4 165 2700.4, 169 3240.4, 
BT000AA 17 25 2708 174 2708, 147 3488, 
CT000AA 9 19 2712.4 92 2712.4, 161 3372.4, 167 3912.4, 150 4512.4, 
DT000AA 6 10 2714 85 2714, 112 3194, 
ET000AA 4 22 2720.8 118 2720.8, 171 3620.8, 117 4400.8, 105 4880.8, 
FT000AA 1 21 2723.4 164 2723.4, 185 3203.4, 111 4103.4, 109 4703.4, 154 5183.4, 
GT000AA 6 12 2726.1 81 2726.1, 131 3386.1, 
HT000AA 3 9 2733 183 2733, 
IT000AA 0 8 2738.9 178 2738.9, 
JT000AA 11 17 2748.2 152 2748.2, 162 3288.2, 94 3768.2, 
KT000AA 11 23 2757.9 151 2757.9, 186 3237.9, 83 3957.9, 174 4737.9, 
LT000AA 2 24 2767 184 2767, 109 3247, 181 4027, 183 4447, 98 5047, 98 5527, 
MT000AA 20 22 2776.8 84 2776.8, 
NT000AA 21 24 2782.1 107 2782.1, 
OT000AA 11 12 2790.6 177 2790.6, 
PT000AA 20 21 2793 85 2793, 
QT000AA 22 23 2798.3 135 2798.3, 
RT000AA 17 21 2807.6 175 2807.6, 140 3167.6, 
ST000AA 3 24 2815.8 159 2815.8, 115 3355.8, 151 3835.8, 146 4735.8, 126 5095.8, 
TT000AA 2 11 2820.2 180 2820.2, 164 3120.2, 
UT000AA 9 25 2829.7 141 2829.7, 117 3249.7, 152 3969.7, 129 4449.7, 95 5349.7, 
VT000AA 18 23 2838 145 2838, 
WT000AA 23 24 2845.3 131 2845.3, 
XT000AA 1 23 2845.9 106 2845.9, 90 3325.9, 172 3925.9, 93 4285.9, 102 4945.9, 81 5365.9, 147 6265.9, 
YT000AA 0 16 2854.5 125 2854.5, 122 3634.5, 94 4414.5, 172 4774.5, 
ZT000AA 0 18 2855.6 95 2855.6, 97 3275.6, 92 3695.6, 169 4355.6, 148 4655.6, 80 5375.6, 
AU000AA 14 21 2864.3 136 2864.3, 125 3284.3, 122 3704.3, 165 4124.3, 
BU000AA 1 9 2871.6 180 2871.6, 
CU000AA 24 25 2876.2 102 2876.2, 
DU000AA 8 25 2879.6 184 2879.6, 109 3179.6, 126 4079.6, 129 4739.6, 106 5339.6, 113 5999.6, 
EU000AA 6 14 2884.9 94 2884.9, 122 3424.9, 185 4144.9, 
FU000AA 14 20 2890.3 142 2890.3, 147 3490.3, 
GU000AA 6 14 2897.1 88 2897.1, 113 3497.1, 186 3857.1, 114 4157.1, 
HU000AA 6 16 2899.1 90 2899.1, 100 3679.1, 179 4039.1, 
IU000AA 21 24 2906.9 136 2906.9, 
JU000AA 13 23 2908 154 2908, 88 3568, 99 4408, 161 4768, 
KU000AA 5 24 2910 123 2910, 140 3510, 86 4230, 126 4950, 167 5550, 168 5910, 
LU000AA 4 11 2912.3 178 2912.3, 
MU000AA 17 18 2921.8 106 2921.8, 
NU000AA 20 23 2930.2 184 2930.2, 
OU000AA 16 22 2933 111 2933, 139 3233, 86 4073, 
PU000AA 7 8 2933.6 90 2933.6, 
QU000AA 9 22 2938.2 132 2938.2, 143 3478.2, 149 4018.2, 147 4378.2, 142 4858.2, 
RU000AA 21 25 2941.9 159 2941.9, 
SU000AA 2 14 2948.1 137 2948.1, 166 3368.1, 170 4148.1, 
TU000AA 21 25 2956 111 2956, 
UU000AA 3 12 2958.8 132 2958.8, 164 3498.8, 
VU000AA 21 24 2959.8 106 2959.8, 
WU000AA 9 16 2967.7 148 2967.7, 124 3807.7, 175 4107.7, 
XU000AA 15 20 2974 149 2974, 97 3514, 110 3994, 
YU000AA 15 25 2976 107 2976, 95 3576, 170 4476, 
ZU000AA 3 11 2980.1 188 2980.1, 
AV000AA 16 20 2988 137 2988, 123 3648, 
BV000AA 21 23 2990.3 135 2990.3, 
CV000AA 11 15 2992.1 153 2992.1, 98 3412.1, 122 3772.1, 
DV000AA 23 25 2996.6 131 2996.6, 
EV000AA 0 3 2998.8 150 2998.8, 
FV000AA 3 5 3007.7 188 3007.7, 
GV000AA 2 19 3014.8 124 3014.8, 174 3314.8, 179 3734.8, 115 4034.8, 183 4934.8, 
HV000AA 22 25 3020 102 3020, 119 3380, 
IV000AA 22 25 3027.7 132 3027.7, 165 3327.7, 
JV000AA 14 21 3034.5 119 3034.5, 154 3454.5, 114 3814.5, 96 4354.5, 
KV000AA 23 25 3035.7 93 3035.7, 
LV000AA 9 10 3037.1 188 3037.1, 
MV000AA 8 10 3046.2 125 3046.2, 
NV000AA 20 21 3053.7 182 3053.7, 
OV000AA 8 24 3060.1 148 3060.1, 140 3900.1, 160 4560.1, 190 5040.1, 
PV000AA 5 13 3067.4 187 3067.4, 
QV000AA 10 22 3069.9 154 3069.9, 176 3789.9, 130 4689.9, 
RV000AA 8 20 3071.2 128 3071.2, 143 3731.2, 190 4571.2, 181 4871.2, 
SV000AA 5 9 3073.2 96 3073.2, 
TV000AA 22 25 3082.7 154 3082.7, 
UV000AA 2 19 3084.1 135 3084.1, 113 3924.1, 173 4524.1, 95 5244.1, 
VV000AA 13 14 3088.8 164 3088.8, 
WV000AA 23 25 3097.4 148 3097.4, 
XV000AA 18 22 3103.8 166 3103.8, 
YV000AA 9 25 3113.6 110 3113.6, 127 3833.6, 96 4493.6, 92 4793.6, 185 5093.6, 190 5573.6, 
ZV000AA 3 9 3119.2 149 3119.2, 
AW000AA 15 18 3124.6 127 3124.6, 169 3484.6, 
BW000AA 19 21 3126 145 3126, 
CW000AA 7 19 3133.4 103 3133.4, 153 3853.4, 119 4513.4, 115 5233.4, 
DW000AA 21 22 3140.7 120 3140.7, 
EW000AA 13 16 3149.1 110 3149.1, 106 3449.1, 
FW000AA 23 25 3153.1 136 3153.1, 
GW000AA 5 11 3160.2 106 3160.2, 
HW000AA 13 21 3168 150 3168, 138 3948, 
IW000AA 16 22 3177.7 93 3177.7, 139 3537.7, 159 4437.7, 
JW000AA 20 25 3180.6 107 3180.6, 
KW000AA 16 17 3184 80 3184, 
LW000AA 20 24 3190 140 3190, 
MW000AA 19 23 3197.2 186 3197.2, 
NW000AA 19 25 3202 125 3202, 140 3502, 
OW000AA 13 25 3208.5 186 3208.5, 114 4048.5, 128 4648.5, 
PW000AA 13 15 3217.2 80 3217.2, 
QW000AA 3 18 3226.8 111 3226.8, 157 4006.8, 182 4606.8, 177 5026.8, 
RW000AA 4 6 3234 123 3234, 
SW000AA 16 23 3235.9 188 3235.9, 100 3775.9, 154 4135.9, 
TW000AA 14 20 3244.7 90 3244.7, 85 3904.7, 120 4624.7, 
UW000AA 12 21 3249 89 3249, 152 3549, 119 4269, 101 4629, 115 5409, 
VW000AA 11 12 3258.3 126 3258.3, 
WW000AA 15 23 3260.8 177 3260.8, 128 3860.8, 
XW000AA 2 7 3268.5 141 3268.5, 
YW000AA 23 25 3277 124 3277, 
ZW000AA 6 10 3282 83 3282, 156 3702, 
AX000AA 12 16 3284.8 112 3284.8, 135 3944.8, 
BX000AA 10 24 3294.4 102 3294.4, 96 3714.4, 82 4254.4, 115 5154.4, 161 5514.4, 119 5994.4, 
CX000AA 9 13 3302.1 94 3302.1, 185 3962.1, 
DX000AA 3 14 3302.6 127 3302.6, 180 3602.6, 137 4022.6, 
EX000AA 23 25 3307.1 124 3307.1, 
FX000AA 5 11 3315.3 121 3315.3, 
GX000AA 6 24 3318.8 111 3318.8, 113 3858.8, 101 4578.8, 153 5238.8, 89 5958.8, 176 6318.8, 
HX000AA 14 25 3324.6 143 3324.6, 160 3864.6, 127 4164.6, 97 4464.6, 134 4764.6, 
IX000AA 21 22 3332.4 128 3332.4, 
JX000AA 18 22 3332.9 133 3332.9, 106 3632.9, 
KX000AA 3 17 3342.4 186 3342.4, 89 4062.4, 161 4602.4, 
LX000AA 20 24 3345.2 87 3345.2, 93 3645.2, 
MX000AA 8 10 3349.4 135 3349.4, 
NX000AA 1 24 3353.1 106 3353.1, 97 3713.1, 84 4613.1, 163 5453.1, 189 6173.1, 
OX000AA 0 21 3361 177 3361, 86 4081, 99 4441, 163 5161, 114 5761, 
PX000AA 4 25 3368 174 3368, 189 3788, 109 4088, 81 4868, 167 5228, 164 5948, 
QX000AA 12 23 3372.2 97 3372.2, 119 3732.2, 159 4092.2, 116 4392.2, 106 5172.2, 159 5532.2, 
RX000AA 0 9 3378.9 90 3378.9, 166 3978.9, 
SX000AA 16 24 3384.3 82 3384.3, 177 4044.3, 
TX000AA 16 22 3384.8 146 3384.8, 177 4224.8, 
UX000AA 4 15 3393.9 172 3393.9, 106 4113.9, 
VX000AA 17 20 3398.6 159 3398.6, 100 3698.6, 
WX000AA 4 6 3404 155 3404, 
XX000AA 9 11 3406 188 3406, 
YX000AA 6 18 3410.3 137 3410.3, 80 4010.3, 129 4610.3, 142 5150.3, 100 5690.3, 
ZX000AA 5 12 3417.6 131 3417.6, 187 3837.6, 
AY000AA 14 23 3418.7 178 3418.7, 153 4138.7, 133 4618.7, 
BY000AA 21 24 3423 99 3423, 129 3723, 
CY000AA 0 13 3430.7 133 3430.7, 140 3910.7, 
DY000AA 1 18 3436.9 95 3436.9, 180 3856.9, 123 4576.9, 174 4936.9, 86 5536.9, 
EY000AA 7 17 3443.9 168 3443.9, 164 4043.9, 163 4463.9, 
FY000AA 13 19 3445.7 152 3445.7, 115 3985.7, 119 4705.7, 
GY000AA 16 24 3454.1 113 3454.1, 123 3934.1, 106 4534.1, 
HY000AA 1 13 3454.7 178 3454.7, 144 4174.7, 
IY000AA 9 24 3464.2 109 3464.2, 180 4124.2, 138 4544.2, 177 4964.2, 180 5444.2, 
JY000AA 12 23 3472.5 179 3472.5, 164 3772.5, 86 4672.5, 133 5092.5, 
KY000AA 6 8 3480.8 132 3480.8, 
LY000AA 5 7 3489.8 181 3489.8, 
MY000AA 1 8 3495.2 108 3495.2, 83 3855.2, 
NY000AA 23 25 3504.3 123 3504.3, 
OY000AA 2 24 3509 86 3509, 165 4229, 105 5009, 97 5789, 135 6209, 159 6749, 
PY000AA 3 8 3517.2 93 3517.2, 
QY000AA 17 19 3520.2 177 3520.2, 174 3880.2, 
RY000AA 17 18 3530.1 160 3530.1, 
SY000AA 5 8 3535.4 102 3535.4, 
TY000AA 12 14 3539.2 93 3539.2, 140 3839.2, 
UY000AA 18 21 3540.5 112 3540.5, 
VY000AA 2 17 3545.9 179 3545.9, 176 4265.9, 166 4685.9, 
WY000AA 2 3 3554.9 150 3554.9, 
XY000AA 5 13 3562.7 143 3562.7, 165 3922.7, 127 4402.7, 
YY000AA 24 25 3567.9 127 3567.9, 
ZY000AA 6 25 3571.6 109 3571.6, 89 4411.6, 138 5251.6, 146 5731.6, 98 6631.6, 
AZ000AA 4 14 3580 87 3580, 98 4180, 146 4840, 
BZ000AA 1 6 3588.3 175 3588.3, 
CZ000AA 12 15 3589.7 90 3589.7, 110 4369.7, 
DZ000AA 8 20 3590.9 111 3590.9, 86 4370.9, 127 5150.9, 100 5810.9, 129 6470.9, 
EZ000AA 14 22 3592.2 171 3592.2, 107 4192.2, 148 4972.2, 
FZ000AA 6 20 3599 185 3599, 174 4379, 165 4859, 141 5279, 
GZ000AA 11 24 3607.7 84 3607.7, 142 3907.7, 137 4687.7, 130 5047.7, 126 5947.7, 
HZ000AA 21 22 3614.5 147 3614.5, 
IZ000AA 9 17 3617.4 168 3617.4, 141 4517.4, 
JZ000AA 18 19 3622.8 99 3622.8, 
KZ000AA 13 24 3625.7 98 3625.7, 82 4225.7, 147 4885.7, 172 5605.7, 
LZ000AA 16 23 3630.3 166 3630.3, 184 4350.3, 
MZ000AA 16 17 3631.3 165 3631.3, 
NZ000AA 17 21 3640.2 122 3640.2, 158 4180.2, 
OZ000AA 12 13 3647.3 127 3647.3, 164 3947.3, 
PZ000AA 11 19 3653.9 180 3653.9, 81 4193.9, 169 4613.9, 136 4973.9, 
QZ000AA 19 22 3657.7 138 3657.7, 
RZ000AA 18 24 3663 190 3663, 174 4083, 
SZ000AA 1 8 3667 139 3667, 
TZ000AA 14 22 3674.6 163 3674.6, 96 3974.6, 93 4874.6, 135 5174.6, 
UZ000AA 6 22 3680.7 185 3680.7, 114 4100.7, 105 5000.7, 154 5720.7, 
VZ000AA 1 5 3684.2 162 3684.2, 
WZ000AA 23 25 3687.2 138 3687.2, 
XZ000AA 15 23 3688.3 169 3688.3, 94 4228.3, 81 4528.3, 
YZ000AA 20 23 3697 83 3697, 
ZZ000AA 16 19 3704.1 105 3704.1, 186 4064.1, 
AA100AA 8 9 3705.7 85 3705.7, 
BA100AA 11 14 3709 190 3709, 
CA100AA 7 23 3717.6 91 3717.6, 137 4137.6, 107 4737.6, 160 5517.6, 99 6417.6, 
DA100AA 12 13 3723.4 122 3723.4, 
EA100AA 18 23 3730.5 97 3730.5, 
FA100AA 14 24 3736 141 3736, 147 4156, 121 4516, 157 5416, 
GA100AA 15 21 3743.1 168 3743.1, 120 4343.1, 
HA100AA 23 25 3751.7 138 3751.7, 
IA100AA 19 21 3755.9 110 3755.9, 
JA100AA 9 13 3765.5 107 3765.5, 160 4065.5, 
KA100AA 9 18 3769.3 171 3769.3, 160 4069.3, 163 4489.3, 126 4849.3, 185 5449.3, 
LA100AA 6 17 3778 146 3778, 138 4378, 106 5218, 
MA100AA 13 21 3784.9 136 3784.9, 142 4684.9, 115 5104.9, 
NA100AA 12 19 3790 98 3790, 177 4090, 147 4390, 163 4750, 157 5230, 
OA100AA 14 17 3790.9 92 3790.9, 186 4450.9, 
PA100AA 21 24 3796.7 91 3796.7, 
QA100AA 8 11 3798.2 135 3798.2, 
RA100AA 17 20 3808.1 159 3808.1, 
SA100AA 3 21 3812.5 160 3812.5, 130 4532.5, 176 4832.5, 158 5612.5, 
TA100AA 6 11 3820.9 83 3820.9, 150 4240.9, 
UA100AA 23 24 3821.9 142 3821.9, 
VA100AA 11 20 3831.4 159 3831.4, 106 4251.4, 107 4611.4, 143 5331.4, 167 5871.4, 
WA100AA 15 25 3840.9 91 3840.9, 111 4740.9, 111 5040.9, 148 5940.9, 
XA100AA 3 7 3845.9 140 3845.9, 
YA100AA 13 21 3849.1 104 3849.1, 142 4449.1, 103 4869.1, 143 5409.1, 
ZA100AA 5 12 3849.9 109 3849.9, 130 4449.9, 
AB100AA 2 23 3857.9 127 3857.9, 168 4157.9, 160 4697.9, 119 5477.9, 131 6017.9, 
BB100AA 4 20 3867 141 3867, 90 4167, 164 5067, 170 5487, 172 6147, 
CB100AA 3 5 3870 186 3870, 
DB100AA 12 18 3877.4 185 3877.4, 184 4237.4, 153 4777.4, 
EB100AA 14 16 3880.7 141 3880.7, 
FB100AA 3 7 3887.2 106 3887.2, 
GB100AA 7 15 3893.8 112 3893.8, 111 4733.8, 143 5273.8, 
HB100AA 19 20 3895.2 106 3895.2, 
IB100AA 17 25 3899.8 186 3899.8, 166 4559.8, 
JB100AA 8 18 3906.1 107 3906.1, 149 4566.1, 183 5226.1, 
KB100AA 0 5 3911.2 183 3911.2, 
LB100AA 9 23 3911.9 81 3911.9, 84 4391.9, 146 5111.9, 166 5711.9, 144 6011.9, 
MB100AA 17 19 3919.7 175 3919.7, 90 4279.7, 
NB100AA 22 24 3927.7 100 3927.7, 
OB100AA 22 25 3934.4 148 3934.4, 
PB100AA 21 25 3939.2 181 3939.2, 
QB100AA 16 21 3944.4 153 3944.4, 149 4784.4, 
RB100AA 22 24 3948.2 179 3948.2, 
SB100AA 10 22 3950.6 159 3950.6, 128 4550.6, 169 4910.6, 147 5630.6, 
TB100AA 20 22 3954.6 83 3954.6, 
UB100AA 9 15 3956.2 159 3956.2, 117 4256.2, 131 4856.2, 
VB100AA 22 25 3959.8 170 3959.8, 
WB100AA 24 25 3962.9 97 3962.9, 
XB100AA 1 13 3970.3 188 3970.3, 188 4510.3, 
YB100AA 24 25 3971.7 125 3971.7, 
ZB100AA 16 25 3978.4 99 3978.4, 173 4278.4, 123 4698.4, 145 5118.4, 
AC100AA 5 14 3980.1 91 3980.1, 135 4640.1, 120 5000.1, 
BC100AA 7 11 3985 124 3985, 
CC100AA 5 22 3993.5 81 3993.5, 174 4653.5, 181 5073.5, 166 5733.5, 119 6393.5, 
DC100AA 12 19 4002.7 163 4002.7, 141 4422.7, 162 5202.7, 
EC100AA 4 25 4003.5 144 4003.5, 123 4663.5, 174 5023.5, 104 5503.5, 115 6163.5, 85 6823.5, 165 7183.5, 
FC100AA 20 25 4008.1 86 4008.1, 
GC100AA 16 20 4010.2 190 4010.2, 83 4490.2, 
HC100AA 3 14 4018.8 109 4018.8, 108 4438.8, 118 4918.8, 
IC100AA 14 20 4021 120 4021, 167 4561, 
JC100AA 21 22 4027.7 112 4027.7, 
KC100AA 4 20 4037.1 89 4037.1, 111 4577.1, 110 5057.1, 165 5957.1, 155 6857.1, 
LC100AA 11 12 4046.2 97 4046.2, 
MC100AA 23 25 4050.1 170 4050.1, 
NC100AA 2 12 4054 87 4054, 139 4594, 
OC100AA 7 24 4059 130 4059, 155 4599, 81 5319, 160 6099, 175 6639, 
PC100AA 12 24 4061.9 80 4061.9, 146 4481.9, 102 4781.9, 181 5141.9, 111 5561.9, 189 6041.9, 
QC100AA 22 24 4065.1 133 4065.1, 
RC100AA 21 24 4074.1 190 4074.1, 
SC100AA 3 25 4078.3 175 4078.3, 168 4798.3, 95 5638.3, 148 6118.3, 97 6778.3, 
TC100AA 19 20 4085.8 101 4085.8, 
UC100AA 12 14 4091.9 174 4091.9, 
VC100AA 1 25 4100.4 88 4100.4, 110 5000.4, 89 5600.4, 149 6200.4, 124 7040.4, 103 7640.4, 
WC100AA 22 23 4108.5 162 4108.5, 
XC100AA 18 22 4118 127 4118, 
YC100AA 3 12 4127.2 93 4127.2, 135 4607.2, 
ZC100AA 23 25 4136.2 113 4136.2, 
AD100AA 23 25 4144.6 151 4144.6, 
BD100AA 22 25 4151.9 133 4151.9, 86 4451.9, 
CD100AA 18 24 4160.3 157 4160.3, 
DD100AA 2 3 4165.3 185 4165.3, 
ED100AA 22 23 4166.3 115 4166.3, 
FD100AA 4 17 4174.7 113 4174.7, 96 4534.7, 189 5314.7, 132 5974.7, 
GD100AA 6 10 4179.1 154 4179.1, 
HD100AA 0 17 4187.7 96 4187.7, 143 4727.7, 118 5327.7, 120 6227.7, 
ID100AA 5 18 4196.5 115 4196.5, 174 4796.5, 85 5336.5, 84 5636.5, 170 6356.5, 
JD100AA 5 10 4199.4 173 4199.4, 
KD100AA 12 14 4200 185 4200, 
LD100AA 22 24 4203.4 127 4203.4, 
MD100AA 8 18 4205.5 84 4205.5, 140 5045.5, 153 5345.5, 141 5825.5, 93 6365.5, 
ND100AA 8 15 4209.8 175 4209.8, 155 4989.8, 
OD100AA 20 25 4215.4 123 4215.4, 
PD100AA 17 20 4217.2 91 4217.2, 125 4517.2, 
QD100AA 2 15 4227 190 4227, 106 4527, 156 5307, 
RD100AA 13 21 4231.2 175 4231.2, 117 4831.2, 91 5431.2, 81 5731.2, 
SD100AA 3 14 4239 170 4239, 121 4839, 186 5139, 
TD100AA 18 20 4248.5 108 4248.5, 
UD100AA 9 11 4254.2 103 4254.2, 
VD100AA 2 7 4261.5 149 4261.5, 
WD100AA 18 22 4270.6 151 4270.6, 
XD100AA 3 17 4271.6 88 4271.6, 87 4631.6, 178 4931.6, 112 5591.6, 172 6191.6, 
YD100AA 13 24 4276 126 4276, 164 4576, 87 4936, 131 5416, 82 5836, 140 6496, 
ZD100AA 6 17 4280.4 107 4280.4, 180 4820.4, 166 5480.4, 148 5840.4, 
AE100AA 19 22 4288.3 147 4288.3, 
BE100AA 2 9 4292.4 92 4292.4, 108 4652.4, 
CE100AA 10 24 4298 176 4298, 161 4778, 149 5258, 187 5798, 
DE100AA 13 21 4302.7 110 4302.7, 164 4602.7, 132 5202.7, 
EE100AA 15 16 4309.1 122 4309.1, 
FE100AA 7 25 4311.1 173 4311.1, 183 5091.1, 158 5991.1, 141 6351.1, 
GE100AA 3 4 4319.1 102 4319.1, 
HE100AA 5 14 4323 160 4323, 100 4623, 89 5223, 153 5943, 
IE100AA 1 19 4329.5 124 4329.5, 131 5169.5, 86 5949.5, 183 6609.5, 
JE100AA 17 25 4332.9 168 4332.9, 169 4692.9, 
KE100AA 4 24 4341.1 125 4341.1, 166 5181.1, 121 6021.1, 178 6801.1, 
LE100AA 18 23 4349.2 110 4349.2, 94 4829.2, 
ME100AA 23 25 4350.2 136 4350.2, 
NE100AA 13 20 4351 104 4351, 175 5251, 
OE100AA 3 25 4355.5 104 4355.5, 116 5135.5, 183 5555.5, 187 5915.5, 93 6815.5, 161 7235.5, 
PE100AA 9 16 4357 157 4357, 107 5017, 85 5317, 
QE100AA 6 18 4366.5 99 4366.5, 80 5086.5, 142 5626.5, 112 5986.5, 161 6286.5, 154 6826.5, 
RE100AA 7 25 4367.4 189 4367.4, 188 4847.4, 111 5507.4, 130 5807.4, 86 6287.4, 115 7007.4, 
SE100AA 8 20 4377.2 81 4377.2, 179 4797.2, 112 5517.2, 130 5937.2, 169 6417.2, 
TE100AA 10 11 4381.6 84 4381.6, 
UE100AA 22 25 4389.8 97 4389.8, 
VE100AA 8 9 4393.6 88 4393.6, 
WE100AA 10 25 4394.8 117 4394.8, 83 4934.8, 128 5774.8, 93 6134.8, 140 6974.8, 87 7394.8, 
XE100AA 2 3 4400.7 146 4400.7, 
YE100AA 12 23 4401.8 121 4401.8, 112 4881.8, 94 5661.8, 152 6441.8, 
ZE100AA 20 22 4404.8 89 4404.8, 
AF100AA 1 2 4410.7 137 4410.7, 
BF100AA 11 22 4412.9 137 4412.9, 125 4832.9, 125 5672.9, 138 6332.9, 
CF100AA 12 20 4413.8 134 4413.8, 165 5133.8, 169 5493.8, 165 5853.8, 
DF100AA 20 22 4417.7 130 4417.7, 
EF100AA 11 22 4424.8 154 4424.8, 94 4964.8, 118 5744.8, 92 6104.8, 166 6824.8, 
FF100AA 14 23 4431.2 111 4431.2, 100 4851.2, 166 5691.2, 180 6051.2, 
GF100AA 8 17 4432.3 132 4432.3, 100 4852.3, 156 5332.3, 
HF100AA 16 18 4434.4 171 4434.4, 
IF100AA 17 21 4442 140 4442, 167 5162, 
JF100AA 19 25 4443.4 182 4443.4, 
KF100AA 2 5 4450.8 179 4450.8, 
LF100AA 23 25 4457.8 124 4457.8, 
MF100AA 12 21 4461 164 4461, 145 4881, 153 5181, 91 5541, 178 6381, 
NF100AA 2 11 4462 125 4462, 186 4942, 
OF100AA 9 15 4468.8 124 4468.8, 110 4888.8, 103 5368.8, 
PF100AA 20 22 4474.9 127 4474.9, 
QF100AA 6 23 4483 80 4483, 108 4903, 105 5563, 157 6163, 114 7063, 100 7363, 
RF100AA 8 19 4491.6 188 4491.6, 91 5271.6, 84 5751.6, 151 6411.6, 
SF100AA 22 24 4497.5 149 4497.5, 
TF100AA 2 22 4506.4 188 4506.4, 127 5346.4, 150 6126.4, 110 6966.4, 
UF100AA 8 13 4507.7 90 4507.7, 131 5287.7, 
VF100AA 3 21 4513.5 135 4513.5, 114 4813.5, 114 5533.5, 167 6073.5, 134 6733.5, 131 7093.5, 
WF100AA 18 23 4520.1 89 4520.1, 120 5300.1, 
XF100AA 13 22 4527.7 126 4527.7, 171 4827.7, 84 5727.7, 168 6027.7, 
YF100AA 7 24 4536.2 188 4536.2, 172 5316.2, 118 5676.2, 124 6576.2, 93 7116.2, 
ZF100AA 13 14 4546 119 4546, 
AG100AA 20 22 4555.3 134 4555.3, 
BG100AA 13 21 4558.1 133 4558.1, 135 4978.1, 110 5578.1, 
CG100AA 0 16 4565.5 176 4565.5, 128 5105.5, 111 5465.5, 
DG100AA 1 9 4571.5 82 4571.5, 179 5051.5, 
EG100AA 23 25 4576.1 116 4576.1, 
FG100AA 0 21 4581 168 4581, 106 5181, 190 5541, 155 5901, 181 6741, 
GG100AA 12 20 4590.8 107 4590.8, 173 5370.8, 166 5970.8, 
HG100AA 2 23 4596.3 88 4596.3, 158 5136.3, 100 6036.3, 159 6876.3, 102 7596.3, 
IG100AA 0 10 4601.8 189 4601.8, 
JG100AA 18 22 4605.3 87 4605.3, 158 5205.3, 
KG100AA 8 13 4610.2 148 4610.2, 101 5090.2, 
LG100AA 12 21 4617.7 155 4617.7, 100 5397.7, 98 6237.7, 
MG100AA 21 24 4623.2 146 4623.2, 
NG100AA 20 24 4632 188 4632, 
OG100AA 0 12 4639.4 126 4639.4, 123 5239.4, 
PG100AA 23 25 4640.7 95 4640.7, 140 4940.7, 
QG100AA 16 17 4644 175 4644, 
RG100AA 18 25 4644.5 89 4644.5, 160 4944.5, 121 5244.5, 
SG100AA 12 20 4648.6 137 4648.6, 82 4948.6, 170 5488.6, 89 5848.6, 188 6748.6, 
TG100AA 4 9 4649.8 107 4649.8, 
UG100AA 14 16 4659.6 141 4659.6, 
VG100AA 18 25 4669 87 4669, 153 5149, 154 5629, 
WG100AA 19 20 4676.8 89 4676.8, 
XG100AA 8 22 4682.9 180 4682.9, 93 5342.9, 127 6242.9, 155 6662.9, 
YG100AA 1 25 4684 136 4684, 121 4984, 182 5404, 94 6304, 97 7084, 162 7804, 
ZG100AA 19 25 4689.4 120 4689.4, 177 5229.4, 
AH100AA 13 19 4693.4 92 4693.4, 96 5353.4, 109 5953.4, 128 6493.4, 
BH100AA 10 20 4694.2 114 4694.2, 181 5174.2, 188 6074.2, 
CH100AA 13 17 4704 109 4704, 184 5184, 
DH100AA 21 24 4711.9 183 4711.9, 
EH100AA 22 25 4715.5 164 4715.5, 
FH100AA 12 16 4719.7 135 4719.7, 122 5199.7, 
GH100AA 13 16 4724.8 148 4724.8, 
HH100AA 10 13 4725.4 187 4725.4, 
IH100AA 22 24 4731.2 91 4731.2, 
JH100AA 3 20 4736 171 4736, 107 5096, 171 5576, 114 5996, 149 6416, 84 7196, 
KH100AA 21 25 4744.1 132 4744.1, 
LH100AA 3 25 4748.5 178 4748.5, 188 5648.5, 84 6008.5, 128 6488.5, 122 7208.5, 
MH100AA 17 21 4756.7 173 4756.7, 187 5236.7, 
NH100AA 17 22 4757.2 146 4757.2, 
OH100AA 24 25 4763.3 129 4763.3, 
PH100AA 5 22 4772.9 107 4772.9, 163 5252.9, 95 5672.9, 178 6332.9, 157 6692.9, 172 7232.9, 
QH100AA 17 24 4780.4 103 4780.4, 165 5440.4, 180 5860.4, 
RH100AA 24 25 4788.2 129 4788.2, 
SH100AA 13 17 4797.4 130 4797.4, 181 5397.4, 
TH100AA 14 24 4803.9 164 4803.9, 143 5343.9, 158 5703.9, 
UH100AA 13 16 4806 101 4806, 
VH100AA 20 22 4813.6 108 4813.6, 
WH100AA 17 18 4822.6 86 4822.6, 
XH100AA 2 14 4831.6 158 4831.6, 126 5551.6, 
YH100AA 16 21 4838.9 186 4838.9, 105 5318.9, 159 5678.9, 
ZH100AA 10 15 4841.5 172 4841.5, 188 5381.5, 
AI100AA 7 19 4849 135 4849, 176 5749, 147 6109, 100 6649, 
BI100AA 16 22 4849.6 143 4849.6, 184 5569.6, 
CI100AA 14 16 4855.2 117 4855.2, 
DI100AA 20 22 4863.7 96 4863.7, 
EI100AA 12 19 4869.5 151 4869.5, 106 5409.5, 177 6129.5, 
FI100AA 23 25 4878.3 169 4878.3, 
GI100AA 1 19 4884.1 175 4884.1, 155 5184.1, 99 5844.1, 112 6384.1, 156 7044.1, 125 7344.1, 
HI100AA 24 25 4889.9 161 4889.9, 
II100AA 15 20 4891.5 184 4891.5, 128 5791.5, 
JI100AA 17 22 4900.2 98 4900.2, 94 5260.2, 125 5560.2, 
KI100AA 21 24 4909.1 88 4909.1, 
LI100AA 2 9 4913.1 166 4913.1, 
MI100AA 19 23 4916 97 4916, 
NI100AA 5 25 4925.9 133 4925.9, 161 5585.9, 80 6425.9, 126 7205.9, 150 7685.9, 84 8045.9, 
OI100AA 6 23 4932.1 130 4932.1, 108 5292.1, 98 5772.1, 142 6552.1, 119 7332.1, 
PI100AA 16 25 4933.1 114 4933.1, 139 5473.1, 114 6133.1, 
QI100AA 6 24 4937.1 174 4937.1, 156 5657.1, 135 6437.1, 164 6917.1, 
RI100AA 5 11 4944.2 187 4944.2, 
SI100AA 8 13 4945.4 118 4945.4, 149 5605.4, 
TI100AA 22 23 4949.3 149 4949.3, 
UI100AA 1 8 4950.2 119 4950.2, 
VI100AA 6 22 4952.1 110 4952.1, 164 5492.1, 178 6032.1, 141 6632.1, 188 7232.1, 
WI100AA 12 15 4958 129 4958, 
XI100AA 24 25 4961.9 82 4961.9, 
YI100AA 23 25 4967.4 140 4967.4, 
ZI100AA 3 25 4973 172 4973, 149 5333, 104 5873, 182 6233, 87 6953, 137 7433, 146 7853, 
AJ100AA 14 17 4980.1 101 4980.1, 115 5700.1, 
BJ100AA 17 24 4981.6 114 4981.6, 182 5581.6, 
CJ100AA 16 21 4986.6 124 4986.6, 94 5646.6, 132 5946.6, 
DJ100AA 16 18 4995.9 179 4995.9, 148 5355.9, 
EJ100AA 17 21 5000 169 5000, 
FJ100AA 18 24 5002.3 88 5002.3, 90 5662.3, 111 5962.3, 
GJ100AA 2 10 5004.9 183 5004.9, 
HJ100AA 7 14 5009.2 183 5009.2, 147 5309.2, 
IJ100AA 22 23 5011.5 159 5011.5, 
JJ100AA 13 22 5013.8 187 5013.8, 108 5733.8, 132 6453.8, 
KJ100AA 22 24 5017.8 112 5017.8, 
LJ100AA 22 25 5021.6 113 5021.6, 
MJ100AA 11 25 5027.6 148 5027.6, 129 5507.6, 189 5987.6, 166 6827.6, 
NJ100AA 8 23 5033.1 162 5033.1, 175 5513.1, 163 6413.1, 132 6833.1, 
OJ100AA 18 23 5041.9 103 5041.9, 182 5341.9, 
PJ100AA 6 13 5050.2 188 5050.2, 
QJ100AA 24 25 5053.2 123 5053.2, 
RJ100AA 2 17 5054.6 167 5054.6, 139 5834.6, 132 6554.6, 
SJ100AA 18 22 5058.5 118 5058.5, 
TJ100AA 17 19 5067 170 5067, 
UJ100AA 15 20 5071.9 156 5071.9, 84 5791.9, 87 6091.9, 180 6451.9, 
VJ100AA 18 25 5081 149 5081, 86 5621, 152 5921, 
WJ100AA 9 23 5083.1 161 5083.1, 172 5383.1, 91 5983.1, 111 6763.1, 133 7483.1, 
XJ100AA 19 25 5090.8 80 5090.8, 166 5390.8, 188 5750.8, 
YJ100AA 3 9 5096.2 101 5096.2, 
ZJ100AA 3 7 5105.5 174 5105.5, 
AK100AA 4 22 5108.7 170 5108.7, 189 5408.7, 92 6188.7, 171 6788.7, 93 7208.7, 
BK100AA 11 18 5113.3 164 5113.3, 135 5833.3, 
CK100AA 13 21 5116.2 178 5116.2, 178 6016.2, 
DK100AA 9 15 5123.2 105 5123.2, 114 5663.2, 131 6503.2, 
EK100AA 0 3 5131.9 84 5131.9, 
FK100AA 2 23 5134.1 174 5134.1, 151 5554.1, 126 6034.1, 129 6934.1, 128 7414.1, 
GK100AA 6 14 5141.1 180 5141.1, 80 5441.1, 155 6221.1, 
HK100AA 13 17 5142.8 101 5142.8, 126 5922.8, 
IK100AA 22 24 5144.1 127 5144.1, 
JK100AA 1 11 5149.7 147 5149.7, 
KK100AA 8 12 5158.8 125 5158.8, 
LK100AA 0 13 5159.8 177 5159.8, 81 5999.8, 
MK100AA 6 14 5167.9 138 5167.9, 109 5947.9, 
NK100AA 6 7 5176.9 138 5176.9, 
OK100AA 2 3 5181.7 98 5181.7, 
PK100AA 19 22 5189.2 189 5189.2, 
QK100AA 5 15 5191.1 179 5191.1, 184 5971.1, 
RK100AA 5 11 5193.8 100 5193.8, 120 5913.8, 
SK100AA 14 16 5201.6 185 5201.6, 
TK100AA 6 22 5207.6 156 5207.6, 128 5567.6, 156 5927.6, 184 6827.6, 
UK100AA 6 16 5216.3 184 5216.3, 112 6056.3, 
VK100AA 23 24 5219.9 105 5219.9, 
WK100AA 2 11 5226.3 172 5226.3, 
XK100AA 4 14 5231.7 81 5231.7, 174 5951.7, 
YK100AA 17 25 5241.3 142 5241.3, 126 6141.3, 
ZK100AA 14 18 5250.5 152 5250.5, 123 6030.5, 
AL100AA 5 6 5257.7 175 5257.7, 
BL100AA 19 22 5266.9 94 5266.9, 139 5566.9, 
CL100AA 21 25 5270.4 154 5270.4, 
DL100AA 7 8 5273 109 5273, 
EL100AA 11 22 5276.6 161 5276.6, 113 5696.6, 125 6176.6, 154 7016.6, 
FL100AA 5 13 5277.3 101 5277.3, 97 5997.3, 97 6297.3, 
GL100AA 20 24 5280.1 174 5280.1, 
HL100AA 0 17 5286.2 127 5286.2, 112 6066.2, 127 6546.2, 156 7386.2, 
IL100AA 17 21 5295 189 5295, 187 5655, 
JL100AA 21 24 5298.7 183 5298.7, 
KL100AA 9 20 5306 117 5306, 84 5606, 169 6206, 140 6506, 149 6926, 
LL100AA 20 23 5309.7 95 5309.7, 
ML100AA 16 24 5311 106 5311, 144 5611, 177 6031, 
NL100AA 18 25 5314.8 81 5314.8, 167 6154.8, 
OL100AA 10 25 5319.9 90 5319.9, 137 5799.9, 122 6579.9, 132 7479.9, 
PL100AA 8 13 5327.2 81 5327.2, 174 6047.2, 
QL100AA 15 20 5328.7 155 5328.7, 100 5808.7, 123 6348.7, 
RL100AA 16 25 5329.3 140 5329.3, 108 5929.3, 112 6829.3, 
SL100AA 17 21 5334.4 108 5334.4, 114 5994.4, 
TL100AA 14 21 5339.8 171 5339.8, 114 5639.8, 128 6479.8, 153 6779.8, 
UL100AA 11 16 5345.2 188 5345.2, 
VL100AA 1 19 5346.1 117 5346.1, 189 6246.1, 134 6546.1, 149 7446.1, 
WL100AA 6 12 5352.9 141 5352.9, 95 5952.9, 
XL100AA 10 22 5360 176 5360, 147 5720, 91 6560, 175 6980, 
YL100AA 22 23 5363.1 98 5363.1, 
ZL100AA 14 23 5366.4 123 5366.4, 157 5666.4, 105 6026.4, 131 6686.4, 
AM100AA 2 17 5371.5 126 5371.5, 135 5851.5, 172 6331.5, 140 7111.5, 
BM100AA 8 12 5376.1 121 5376.1, 
CM100AA 10 18 5380.8 132 5380.8, 98 5920.8, 163 6520.8, 119 6820.8, 
DM100AA 16 21 5385.3 157 5385.3, 172 5985.3, 
EM100AA 9 25 5388.6 112 5388.6, 188 5928.6, 173 6828.6, 
FM100AA 15 17 5398.3 109 5398.3, 
GM100AA 20 24 5407.6 112 5407.6, 
HM100AA 15 24 5409.3 88 5409.3, 82 6009.3, 108 6729.3, 135 7509.3, 
IM100AA 6 23 5416.7 176 5416.7, 91 5956.7, 109 6436.7, 80 7036.7, 118 7876.7, 127 8536.7, 
JM100AA 7 10 5425.9 158 5425.9, 
KM100AA 18 25 5433.7 148 5433.7, 117 5733.7, 
LM100AA 10 25 5437.5 133 5437.5, 117 6217.5, 154 7057.5, 114 7777.5, 
MM100AA 0 4 5439.2 102 5439.2, 
